# Created by Octave 3.4.0, Tue Aug 13 15:09:56 2013 CDT <zaikun@zkx-mbp.local>
# name: v
# type: matrix
# rows: 1
# columns: 5120
 0.3434457182884216 0.2032784223556519 0.2707709670066833 0.3407555818557739 0.3625638484954834 0.3334617018699646 0.3070028424263 -0.01244885288178921 -0.1965984255075455 0.1716877520084381 0.9043295383453369 1.400305271148682 1.44885265827179 1.54693865776062 1.134467124938965 0.9320279359817505 1.161727666854858 1.122530341148376 1.178542494773865 1.029043316841125 0.7692477703094482 0.6592239141464233 0.6898238062858582 0.934974193572998 1.181899309158325 1.067487835884094 0.8070387244224548 0.9279173612594604 1.019207954406738 0.7741864919662476 1.018855690956116 1.122172951698303 0.7911121845245361 0.7338923215866089 0.7517654299736023 0.6341899633407593 0.5518269538879395 1.086773753166199 1.429199934005737 1.002090573310852 0.865192174911499 0.9655865430831909 0.9887278079986572 0.7159863710403442 0.4790455102920532 0.6226876378059387 0.8143503069877625 0.9589948058128357 0.9873640537261963 1.341949343681335 1.620494484901428 1.286244630813599 1.423084616661072 1.581100583076477 1.2342848777771 1.044196486473083 0.7958002686500549 0.6164585947990417 0.4984368681907654 0.2598243355751038 -0.04407491907477379 0.4579980671405792 1.557066082954407 1.768419027328491 1.650784134864807 1.504236459732056 1.391145348548889 1.389863252639771 1.457773685455322 1.531434893608093 1.394718408584595 1.36812162399292 1.605244278907776 1.358667254447937 1.21576714515686 0.7560018301010132 0.1097769215703011 0.285734236240387 0.2293546497821808 0.5517908930778503 1.392431497573853 1.188770890235901 0.7963038682937622 0.7546634078025818 0.566317617893219 0.297539085149765 0.0635061040520668 0.2369817197322845 0.2540362477302551 -0.2449082583189011 0.1846211403608322 1.275585889816284 1.244446754455566 0.9298600554466248 0.7736940979957581 0.3219530284404755 0.4755099415779114 1.174036622047424 1.001535415649414 0.8751377463340759 1.110302925109863 1.036322832107544 0.7953051328659058 1.421296238899231 1.26361083984375 0.8202148675918579 1.139941096305847 0.5793923139572144 0.2129774838685989 0.3266010880470276 0.1857407242059708 -0.3370838761329651 -1.014353632926941 -1.213117718696594 -1.142888188362122 -0.8024813532829285 0.2523651421070099 1.358788728713989 1.494551181793213 1.295339941978455 1.039718747138977 0.5379754304885864 0.411152184009552 0.5455664992332458 0.5131101608276367 0.6051886081695557 0.4877212643623352 0.5617172122001648 0.6500706672668457 0.5347577333450317 0.8672913312911987 0.6052762866020203 0.4032007455825806 0.5549616813659668 0.4921436905860901 0.2276000678539276 0.7215958833694458 1.164713978767395 0.7680127620697021 0.6924408674240112 0.7189779877662659 0.6520971655845642 0.8042078018188477 0.9061349630355835 1.104930520057678 1.031269073486328 0.8804386854171753 0.9953849315643311 0.432324230670929 0.1465228945016861 0.7811828255653381 1.198692917823792 1.12914764881134 1.038352847099304 1.08209216594696 1.018478035926819 1.142828822135925 1.337286353111267 1.179681062698364 1.242684006690979 1.274525761604309 0.8908764123916626 0.8127021789550781 0.9948545694351196 1.26931095123291 1.474930167198181 1.100008845329285 0.7191070318222046 1.066079139709473 1.580719828605652 1.630601763725281 0.9682718515396118 0.5251064896583557 0.764840841293335 0.9249732494354248 1.048433065414429 0.8253176212310791 0.4482094645500183 0.4650167524814606 0.460099995136261 0.5060240030288696 0.5242214202880859 0.3530020713806152 0.3815892934799194 0.314236581325531 0.1763170808553696 0.379381537437439 0.3273217678070068 0.1125467717647552 -0.113805778324604 -0.3087201118469238 -0.4804583787918091 -0.4842502772808075 -0.1417092531919479 0.01274689007550478 -0.232866182923317 -0.428634375333786 -0.2080087512731552 -0.2465007901191711 -0.4757084250450134 -0.4347045421600342 -0.5238092541694641 -0.4996482133865356 -0.6153134107589722 -1.025635123252869 -1.027265906333923 -0.7765349745750427 -0.5402309894561768 -0.3873438239097595 -0.56459641456604 -0.8569943308830261 -0.9420689344406128 -0.9343331456184387 -0.8286078572273254 -0.6290526390075684 -0.8139265775680542 -0.9770112037658691 -0.8615245223045349 -0.6240849494934082 -0.1565485894680023 0.1657311767339706 0.5612524747848511 1.198366403579712 0.7131019234657288 0.312313586473465 0.3793264329433441 0.4291419088840485 0.6588662266731262 0.8786835670471191 1.018858909606934 0.9418368935585022 0.7710655331611633 0.3552214205265045 0.3588161468505859 0.8569418787956238 0.5607855916023254 0.31192347407341 0.3758949935436249 0.2822302579879761 0.3325901031494141 0.4233078360557556 0.3574640154838562 0.336764395236969 0.2729109525680542 0.3156516551971436 0.4241003692150116 0.3290542960166931 0.3769354224205017 0.3746780753135681 0.2528899013996124 0.1789513975381851 -0.2250788509845734 -0.4918959140777588 -0.1717666983604431 -0.03111647441983223 -0.2116702795028687 -0.7439626455307007 -0.7776670455932617 -0.7408782243728638 -0.9847126007080078 -1.432836890220642 -1.532107353210449 -0.3708029687404633 0.9815756678581238 1.063326239585876 0.639527440071106 0.3705095648765564 0.09841758757829666 -0.1146429851651192 -0.04161201044917107 -0.2263649702072144 -0.265891045331955 0.3914279937744141 0.631748378276825 0.1668009161949158 -0.2475797683000565 -0.1265793442726135 0.02520146779716015 0.1140149608254433 0.1857540756464005 0.2625925242900848 0.263085275888443 0.2159336358308792 0.1161401569843292 0.1490706354379654 0.4045795202255249 0.439675360918045 0.1969236582517624 0.1934461146593094 0.3901820182800293 0.4912157952785492 0.4567748606204987 0.4035393595695496 0.5444630980491638 0.4916272163391113 0.470207542181015 0.5389446616172791 0.5475833415985107 0.5912262797355652 0.3726962506771088 0.2719208598136902 0.06504113972187042 0.01400909852236509 -0.001557036070153117 -0.09192632138729095 0.04550463706254959 0.1278773099184036 0.09925542771816254 -0.07233849912881851 -0.01717810332775116 0.2229022979736328 0.1775126606225967 0.1126383319497108 0.010217503644526 0.01147731114178896 0.04755282402038574 -0.06814004480838776 -0.1094938218593597 0.02329859510064125 0.03911974281072617 0.05594608932733536 0.4610683619976044 0.8003517389297485 0.7972451448440552 0.5540969967842102 0.4631294012069702 0.2863414287567139 0.2503969669342041 0.2656651437282562 0.05977771058678627 0.01279292535036802 0.3696233928203583 0.5905954241752625 0.3052509725093842 0.06963383406400681 0.2200246751308441 0.4052013754844666 0.1243699640035629 0.07699931412935257 0.2665970325469971 0.2301508486270905 0.1400289386510849 0.5108828544616699 1.417178273200989 1.275456786155701 0.6210896968841553 0.6460399627685547 0.415825754404068 0.4221540987491608 0.4152877926826477 0.4432880282402039 0.5876094698905945 0.6689115166664124 0.670838475227356 0.6712688803672791 0.6937739253044128 0.5405905246734619 0.2713019251823425 -0.2132175713777542 -0.3289890289306641 0.1263514161109924 0.7217670679092407 0.6036666035652161 0.3119904100894928 0.3768634796142578 0.05672869831323624 -0.2674177885055542 -0.3993737399578094 -0.6412481665611267 -0.8183178305625916 -0.6233195662498474 -0.7380853891372681 -0.8297842144966125 -0.7238673567771912 -1.084986329078674 -0.8232390880584717 -0.1094042286276817 -0.3967109620571136 -0.2522723376750946 -0.1405942887067795 -0.6158452033996582 -0.4996020197868347 -0.1600621342658997 -0.1934772729873657 -0.3836278021335602 -0.1776263266801834 0.2027096003293991 0.1616339981555939 0.323365181684494 0.3707649111747742 -0.1378360688686371 -0.5753000974655151 -0.5443225502967834 -0.3330555558204651 -0.2860598266124725 -0.154773473739624 -0.0915691927075386 -0.1447644978761673 -0.09279090166091919 0.08149837702512741 0.4804943203926086 0.3621071875095367 0.4234770536422729 0.8809593319892883 0.5971663594245911 -0.03921006992459297 -0.3087740838527679 -0.1246592104434967 -0.07491905987262726 -0.03668383881449699 0.3285529315471649 0.2198332250118256 0.0158018134534359 0.2676858007907867 